https://static.inaturalist.org/photos/54465636/large.jpeg?1571512772
https://static.inaturalist.org/photos/54455980/large.jpg?1571507456
https://static.inaturalist.org/photos/54456002/large.jpg?1571507467
https://static.inaturalist.org/photos/54300935/large.jpg?1571326055
https://static.inaturalist.org/photos/54222837/large.jpg?1571229214
https://static.inaturalist.org/photos/54218989/large.jpg?1571222526
https://static.inaturalist.org/photos/54154907/large.jpg?1571154298
https://static.inaturalist.org/photos/54154916/large.jpg?1571154305
https://static.inaturalist.org/photos/54149066/large.jpeg?1571148643
https://static.inaturalist.org/photos/54149072/large.jpeg?1571148650
https://static.inaturalist.org/photos/54122932/large.jpg?1571106855
https://static.inaturalist.org/photos/54050725/large.jpeg?1571046881
https://static.inaturalist.org/photos/54050729/large.jpeg?1571046893
https://static.inaturalist.org/photos/54050740/large.jpeg?1571046906
https://static.inaturalist.org/photos/54050748/large.jpeg?1571046916
https://static.inaturalist.org/photos/54022311/large.jpg?1571013208
https://static.inaturalist.org/photos/54022333/large.jpg?1571013225
https://static.inaturalist.org/photos/54022354/large.jpg?1571013243
https://static.inaturalist.org/photos/54022370/large.jpg?1571013262
https://static.inaturalist.org/photos/54020484/large.jpeg?1571011739
https://static.inaturalist.org/photos/54014548/large.jpg?1571007810
https://static.inaturalist.org/photos/54014561/large.jpg?1571007819
https://static.inaturalist.org/photos/54011553/large.jpg?1571005796
https://static.inaturalist.org/photos/54011563/large.jpg?1571005803
https://static.inaturalist.org/photos/54011575/large.jpg?1571005810
https://static.inaturalist.org/photos/54010849/large.jpg?1571005370
https://static.inaturalist.org/photos/53895286/large.jpg?1570904780
https://static.inaturalist.org/photos/53896635/large.jpg?1570905622
https://static.inaturalist.org/photos/53886899/large.jpeg?1570899464
https://static.inaturalist.org/photos/53878092/large.jpg?1570892831
https://static.inaturalist.org/photos/53841957/large.jpg?1570841921
https://static.inaturalist.org/photos/53772687/large.jpg?1570756586
https://static.inaturalist.org/photos/53773134/large.jpg?1570757209
https://static.inaturalist.org/photos/53773159/large.jpg?1570757243
https://static.inaturalist.org/photos/53690226/large.jpeg?1570663322
https://static.inaturalist.org/photos/53690258/large.jpeg?1570663356
https://static.inaturalist.org/photos/53628487/large.jpeg?1570592700
https://static.inaturalist.org/photos/53570253/large.jpeg?1570545652
https://static.inaturalist.org/photos/53516322/large.jpg?1570483418
https://static.inaturalist.org/photos/53516335/large.jpg?1570483425
https://static.inaturalist.org/photos/53516343/large.jpg?1570483431
https://static.inaturalist.org/photos/53463137/large.jpg?1570437079
https://static.inaturalist.org/photos/53463145/large.jpg?1570437089
https://static.inaturalist.org/photos/53463159/large.jpg?1570437107
https://static.inaturalist.org/photos/53463170/large.jpg?1570437121
https://static.inaturalist.org/photos/53444572/large.jpg?1570413476
https://static.inaturalist.org/photos/53448441/large.jpg?1570416350
https://static.inaturalist.org/photos/53406564/large.jpg?1570389488
https://static.inaturalist.org/photos/53401813/large.jpeg?1570386415
https://static.inaturalist.org/photos/53352273/large.jpg?1570337831
https://static.inaturalist.org/photos/53352300/large.jpg?1570337861
https://static.inaturalist.org/photos/53318258/large.jpg?1570310566
https://static.inaturalist.org/photos/53318279/large.jpg?1570310577
https://static.inaturalist.org/photos/53254425/large.jpg?1570250014
https://static.inaturalist.org/photos/53252027/large.jpeg?1570246833
https://static.inaturalist.org/photos/53251612/large.jpeg?1570246250
https://static.inaturalist.org/photos/53251626/large.jpeg?1570246276
https://static.inaturalist.org/photos/53251637/large.jpeg?1570246300
https://static.inaturalist.org/photos/53251672/large.jpeg?1570246346
https://static.inaturalist.org/photos/53129405/large.jpg?1570119907
https://static.inaturalist.org/photos/53049286/large.jpg?1570030892
https://static.inaturalist.org/photos/53049301/large.jpg?1570030899
https://static.inaturalist.org/photos/53017445/large.jpg?1569984297
https://static.inaturalist.org/photos/52874009/large.jpg?1569856332
https://static.inaturalist.org/photos/52846881/large.jpeg?1569815739
https://static.inaturalist.org/photos/52846890/large.jpeg?1569815747
https://static.inaturalist.org/photos/52846895/large.jpeg?1569815756
https://static.inaturalist.org/photos/52846904/large.jpeg?1569815764
https://static.inaturalist.org/photos/52846754/large.jpg?1569815582
https://static.inaturalist.org/photos/52846762/large.jpg?1569815590
https://static.inaturalist.org/photos/52846768/large.jpg?1569815598
https://static.inaturalist.org/photos/52846773/large.jpg?1569815604
https://static.inaturalist.org/photos/52840686/large.jpeg?1569810676
https://static.inaturalist.org/photos/52840876/large.jpeg?1569810811
https://static.inaturalist.org/photos/52840944/large.jpeg?1569810851
https://static.inaturalist.org/photos/52840966/large.jpeg?1569810864
https://static.inaturalist.org/photos/52840993/large.jpeg?1569810885
https://static.inaturalist.org/photos/52841074/large.jpeg?1569810951
https://static.inaturalist.org/photos/52841099/large.jpeg?1569810965
https://static.inaturalist.org/photos/52833930/large.jpg?1569806062
https://static.inaturalist.org/photos/52833935/large.jpg?1569806068
https://static.inaturalist.org/photos/52833943/large.jpg?1569806074
https://static.inaturalist.org/photos/52833951/large.jpg?1569806080
https://static.inaturalist.org/photos/52761704/large.jpg?1569761432
https://static.inaturalist.org/photos/52761729/large.jpg?1569761460
https://static.inaturalist.org/photos/52761783/large.jpg?1569761504
https://static.inaturalist.org/photos/52740451/large.jpg?1569729214
https://static.inaturalist.org/photos/52729407/large.jpg?1569719453
https://static.inaturalist.org/photos/52717557/large.jpg?1569711354
https://static.inaturalist.org/photos/52689854/large.jpg?1569695353
https://static.inaturalist.org/photos/52690032/large.jpg?1569695471
https://static.inaturalist.org/photos/52690051/large.jpg?1569695482
https://static.inaturalist.org/photos/52690078/large.jpg?1569695492
https://static.inaturalist.org/photos/52410004/large.jpeg?1569422253
https://static.inaturalist.org/photos/52359413/large.jpeg?1569364393
https://static.inaturalist.org/photos/52359445/large.jpeg?1569364411
https://static.inaturalist.org/photos/52359460/large.jpeg?1569364419
https://static.inaturalist.org/photos/52338456/large.jpg?1569350377
https://static.inaturalist.org/photos/52338466/large.jpg?1569350383
https://static.inaturalist.org/photos/52278403/large.jpg?1569288907
https://static.inaturalist.org/photos/52278417/large.jpg?1569288915
https://static.inaturalist.org/photos/52278431/large.jpg?1569288924
https://static.inaturalist.org/photos/52231684/large.jpeg?1569256603
https://static.inaturalist.org/photos/52202053/large.jpg?1569218975
https://static.inaturalist.org/photos/52202057/large.jpg?1569218984
https://static.inaturalist.org/photos/52174362/large.jpg?1569197395
https://static.inaturalist.org/photos/52174381/large.jpg?1569197405
https://static.inaturalist.org/photos/52174396/large.jpg?1569197412
https://static.inaturalist.org/photos/52101219/large.jpeg?1569154095
https://static.inaturalist.org/photos/52076037/large.jpg?1569118905
https://static.inaturalist.org/photos/52040296/large.jpg?1569094955
https://static.inaturalist.org/photos/52040353/large.jpg?1569094981
https://static.inaturalist.org/photos/52040421/large.jpg?1569095016
https://static.inaturalist.org/photos/51932672/large.jpg?1569004525
https://static.inaturalist.org/photos/51863692/large.jpg?1568940935
https://static.inaturalist.org/photos/51771610/large.jpeg?1568853408
https://static.inaturalist.org/photos/51771614/large.jpeg?1568853413
https://static.inaturalist.org/photos/51771616/large.jpeg?1568853417
https://static.inaturalist.org/photos/51760732/large.jpg?1568844754
https://static.inaturalist.org/photos/51760927/large.jpg?1568844894
https://static.inaturalist.org/photos/51697429/large.jpg?1568798916
https://static.inaturalist.org/photos/51676692/large.jpg?1568770205
https://static.inaturalist.org/photos/51676709/large.jpg?1568770216
https://static.inaturalist.org/photos/51676721/large.jpg?1568770225
https://static.inaturalist.org/photos/51655402/large.jpg?1568753185
https://static.inaturalist.org/photos/51646158/large.jpg?1568746914
https://static.inaturalist.org/photos/51643808/large.jpeg?1568745608
https://static.inaturalist.org/photos/51590641/large.jpeg?1568686695
https://static.inaturalist.org/photos/51580073/large.jpg?1568677770
https://static.inaturalist.org/photos/51580174/large.jpg?1568677842
https://static.inaturalist.org/photos/51580867/large.jpg?1568678296
https://static.inaturalist.org/photos/51580927/large.jpg?1568678346
https://static.inaturalist.org/photos/51567733/large.jpg?1568669833
https://static.inaturalist.org/photos/51567937/large.jpg?1568669933
https://static.inaturalist.org/photos/51567968/large.jpg?1568669946
https://static.inaturalist.org/photos/51553353/large.jpg?1568661730
https://static.inaturalist.org/photos/51515554/large.jpg?1568638302
https://static.inaturalist.org/photos/51515566/large.jpg?1568638309
https://static.inaturalist.org/photos/51515575/large.jpg?1568638319
https://static.inaturalist.org/photos/51506377/large.jpg?1568624594
https://static.inaturalist.org/photos/51506397/large.jpg?1568624620
https://static.inaturalist.org/photos/51506415/large.jpg?1568624637
https://static.inaturalist.org/photos/51503171/large.jpeg?1568618389
https://static.inaturalist.org/photos/51483131/large.jpeg?1568597008
https://static.inaturalist.org/photos/51483147/large.jpeg?1568597017
https://static.inaturalist.org/photos/51476886/large.jpg?1568593149
https://static.inaturalist.org/photos/51473029/large.jpeg?1568590599
https://static.inaturalist.org/photos/51444455/large.jpg?1568575198
https://static.inaturalist.org/photos/51444507/large.jpg?1568575219
https://static.inaturalist.org/photos/51444534/large.jpg?1568575233
https://static.inaturalist.org/photos/51426308/large.jpeg?1568566005
https://static.inaturalist.org/photos/51419903/large.jpeg?1568562785
https://static.inaturalist.org/photos/51292574/large.jpg?1568463995
https://static.inaturalist.org/photos/51278752/large.jpg?1568437901
https://static.inaturalist.org/photos/51219187/large.jpeg?1568390610
https://static.inaturalist.org/photos/51181447/large.jpg?1568340520
https://static.inaturalist.org/photos/51143362/large.jpg?1568312485
https://static.inaturalist.org/photos/51109921/large.jpeg?1568285947
https://static.inaturalist.org/photos/51109928/large.jpeg?1568285955
https://static.inaturalist.org/photos/51109932/large.jpeg?1568285962
https://static.inaturalist.org/photos/51087196/large.jpg?1568251316
https://static.inaturalist.org/photos/51087231/large.jpg?1568251338
https://static.inaturalist.org/photos/51087269/large.jpg?1568251372
https://static.inaturalist.org/photos/51081792/large.jpg?1568247831
https://static.inaturalist.org/photos/51022548/large.jpg?1568209910
https://static.inaturalist.org/photos/51021711/large.jpg?1568209250
https://static.inaturalist.org/photos/50965490/large.jpg?1568150062
https://static.inaturalist.org/photos/50958677/large.jpg?1568145702
https://static.inaturalist.org/photos/50958693/large.jpg?1568145709
https://static.inaturalist.org/photos/50952350/large.jpg?1568141722
https://static.inaturalist.org/photos/50884041/large.jpeg?1568072907
https://static.inaturalist.org/photos/50792289/large.jpg?1567993079
https://static.inaturalist.org/photos/50792291/large.jpg?1567993081
https://static.inaturalist.org/photos/50792304/large.jpg?1567993086
https://static.inaturalist.org/photos/50792310/large.jpg?1567993088
https://static.inaturalist.org/photos/50792316/large.jpg?1567993089
https://static.inaturalist.org/photos/50771164/large.jpeg?1567981485
https://static.inaturalist.org/photos/50771185/large.jpeg?1567981493
https://static.inaturalist.org/photos/50711358/large.jpeg?1567951198
https://static.inaturalist.org/photos/50711365/large.jpeg?1567951205
https://static.inaturalist.org/photos/50689906/large.jpg?1567921052
https://static.inaturalist.org/photos/50664382/large.jpeg?1567901758
https://static.inaturalist.org/photos/50627452/large.jpg?1567883301
https://static.inaturalist.org/photos/50568264/large.jpg?1567826429
https://static.inaturalist.org/photos/50568275/large.jpg?1567826436
https://static.inaturalist.org/photos/50420325/large.jpg?1567697300
https://static.inaturalist.org/photos/50422445/large.jpg?1567698576
https://static.inaturalist.org/photos/50400301/large.jpg?1567674689
https://static.inaturalist.org/photos/50400305/large.jpg?1567674697
https://static.inaturalist.org/photos/50400310/large.jpg?1567674705
https://static.inaturalist.org/photos/50400313/large.jpg?1567674712
https://static.inaturalist.org/photos/50391751/large.jpeg?1567658547
https://static.inaturalist.org/photos/50391707/large.jpeg?1567658484
https://static.inaturalist.org/photos/50280374/large.jpg?1567554209
https://static.inaturalist.org/photos/50280381/large.jpg?1567554216
https://static.inaturalist.org/photos/50280389/large.jpg?1567554223
https://static.inaturalist.org/photos/50280396/large.jpg?1567554232
https://static.inaturalist.org/photos/50244358/large.jpg?1567530246
https://static.inaturalist.org/photos/50244369/large.jpg?1567530261
https://static.inaturalist.org/photos/50244388/large.jpg?1567530273
https://static.inaturalist.org/photos/50221511/large.jpeg?1567510434
https://static.inaturalist.org/photos/50074674/large.jpeg?1567387710
https://static.inaturalist.org/photos/50074694/large.jpeg?1567387718
https://static.inaturalist.org/photos/50044523/large.jpg?1567369942
https://static.inaturalist.org/photos/50044799/large.jpg?1567370065
https://static.inaturalist.org/photos/49995613/large.jpeg?1567342817
https://static.inaturalist.org/photos/49995618/large.jpeg?1567342823
https://static.inaturalist.org/photos/49995625/large.jpeg?1567342828
https://static.inaturalist.org/photos/49995635/large.jpeg?1567342834
https://static.inaturalist.org/photos/49995643/large.jpeg?1567342839
https://static.inaturalist.org/photos/49955296/large.jpeg?1567299260
https://static.inaturalist.org/photos/49955228/large.jpeg?1567299212
https://static.inaturalist.org/photos/49955241/large.jpeg?1567299221
https://static.inaturalist.org/photos/49933447/large.jpg?1567286699
https://static.inaturalist.org/photos/49904906/large.jpeg?1567271416
https://static.inaturalist.org/photos/49904640/large.jpg?1567271236
https://static.inaturalist.org/photos/49904663/large.jpg?1567271252
https://static.inaturalist.org/photos/49898974/large.jpg?1567268073
https://static.inaturalist.org/photos/49898765/large.jpg?1567267951
https://static.inaturalist.org/photos/49871231/large.jpeg?1567242941
https://static.inaturalist.org/photos/49871237/large.jpeg?1567242953
https://static.inaturalist.org/photos/49858287/large.jpeg?1567222891
https://static.inaturalist.org/photos/49853669/large.jpeg?1567218512
https://static.inaturalist.org/photos/49853678/large.jpeg?1567218519
https://static.inaturalist.org/photos/49785081/large.jpeg?1567171884
https://static.inaturalist.org/photos/49785092/large.jpeg?1567171893
https://static.inaturalist.org/photos/49725151/large.jpg?1567111556
https://static.inaturalist.org/photos/49695825/large.jpeg?1567094198
https://static.inaturalist.org/photos/49695835/large.jpeg?1567094206
https://static.inaturalist.org/photos/49667917/large.jpeg?1567067718
https://static.inaturalist.org/photos/49629625/large.jpeg?1567028356
https://static.inaturalist.org/photos/49629644/large.jpeg?1567028366
https://static.inaturalist.org/photos/49608725/large.jpeg?1567015683
https://static.inaturalist.org/photos/49608510/large.jpeg?1567015551
https://static.inaturalist.org/photos/49608521/large.jpeg?1567015559
https://static.inaturalist.org/photos/49479798/large.jpeg?1566910606
https://static.inaturalist.org/photos/49594263/large.jpeg?1567006923
https://static.inaturalist.org/photos/49594279/large.jpeg?1567006932
https://static.inaturalist.org/photos/49386781/large.jpeg?1566831333
https://static.inaturalist.org/photos/49386424/large.jpeg?1566831110
https://static.inaturalist.org/photos/49386435/large.jpeg?1566831115
https://static.inaturalist.org/photos/49360462/large.jpg?1566800930
https://static.inaturalist.org/photos/49360468/large.jpg?1566800937
https://static.inaturalist.org/photos/49360472/large.jpg?1566800944
https://static.inaturalist.org/photos/49359427/large.jpg?1566799462
https://static.inaturalist.org/photos/49359428/large.jpg?1566799469
https://static.inaturalist.org/photos/49333684/large.jpg?1566780151
https://static.inaturalist.org/photos/49216975/large.jpg?1566697088
https://static.inaturalist.org/photos/49177647/large.jpeg?1566675507
https://static.inaturalist.org/photos/49088399/large.jpeg?1566594463
https://static.inaturalist.org/photos/49088603/large.jpeg?1566594590
https://static.inaturalist.org/photos/49088659/large.jpeg?1566594628
https://static.inaturalist.org/photos/49085277/large.jpg?1566592698
https://static.inaturalist.org/photos/48968199/large.jpeg?1566489797
https://static.inaturalist.org/photos/48968200/large.jpeg?1566489797
https://static.inaturalist.org/photos/48968205/large.jpeg?1566489799
https://static.inaturalist.org/photos/48968206/large.jpeg?1566489802
https://static.inaturalist.org/photos/48811693/large.jpeg?1566339777
https://static.inaturalist.org/photos/48811711/large.jpeg?1566339786
https://static.inaturalist.org/photos/48681493/large.jpeg?1566230406
https://static.inaturalist.org/photos/48662850/large.jpg?1566215271
https://static.inaturalist.org/photos/48663458/large.jpg?1566215929
https://static.inaturalist.org/photos/51199210/large.jpg?1568369271
https://static.inaturalist.org/photos/51199212/large.jpg?1568369274
https://static.inaturalist.org/photos/48587565/large.jpeg?1566152102
https://static.inaturalist.org/photos/48571505/large.jpg?1566143170
https://static.inaturalist.org/photos/48520499/large.jpg?1566092772
https://static.inaturalist.org/photos/48520501/large.jpg?1566092774
https://static.inaturalist.org/photos/48520504/large.jpg?1566092776
https://static.inaturalist.org/photos/48464165/large.jpeg?1566057972
https://static.inaturalist.org/photos/48464187/large.jpeg?1566057985
https://static.inaturalist.org/photos/48384892/large.jpg?1565982732
https://static.inaturalist.org/photos/48384903/large.jpg?1565982746
https://static.inaturalist.org/photos/48384916/large.jpg?1565982759
https://static.inaturalist.org/photos/48334203/large.jpg?1565930290
https://static.inaturalist.org/photos/48209060/large.jpeg?1565823531
https://static.inaturalist.org/photos/48155544/large.jpeg?1565790319
https://static.inaturalist.org/photos/48113987/large.jpg?1565742192
https://static.inaturalist.org/photos/48113866/large.jpg?1565742105
https://static.inaturalist.org/photos/48089057/large.jpg?1565725368
https://static.inaturalist.org/photos/48089075/large.jpg?1565725376
https://static.inaturalist.org/photos/48089101/large.jpg?1565725386
https://static.inaturalist.org/photos/48089117/large.jpg?1565725395
https://static.inaturalist.org/photos/48093749/large.jpg?1565728234
https://static.inaturalist.org/photos/48093771/large.jpg?1565728244
https://static.inaturalist.org/photos/48093782/large.jpg?1565728255
https://static.inaturalist.org/photos/48075844/large.jpeg?1565717410
https://static.inaturalist.org/photos/48075856/large.jpeg?1565717419
https://static.inaturalist.org/photos/47860653/large.jpg?1565547721
https://static.inaturalist.org/photos/47844956/large.jpg?1565539926
https://static.inaturalist.org/photos/47845003/large.jpg?1565539942
https://static.inaturalist.org/photos/47845045/large.jpg?1565539956
https://static.inaturalist.org/photos/47844336/large.jpg?1565539661
https://static.inaturalist.org/photos/47844354/large.jpg?1565539670
https://static.inaturalist.org/photos/48338397/large.jpg?1565936225
https://static.inaturalist.org/photos/47597180/large.jpg?1565323254
https://static.inaturalist.org/photos/47597195/large.jpg?1565323274
https://static.inaturalist.org/photos/47597219/large.jpg?1565323294
https://static.inaturalist.org/photos/47499089/large.jpeg?1565231124
https://static.inaturalist.org/photos/47416620/large.jpg?1565156927
https://static.inaturalist.org/photos/47344862/large.jpeg?1565103504
https://static.inaturalist.org/photos/47278074/large.jpg?1565038962
https://static.inaturalist.org/photos/47274744/large.jpg?1565036809
https://static.inaturalist.org/photos/47274819/large.jpg?1565036859
https://static.inaturalist.org/photos/47272402/large.jpg?1565035409
https://static.inaturalist.org/photos/47272431/large.jpg?1565035424
https://static.inaturalist.org/photos/47206313/large.jpeg?1564976056
https://static.inaturalist.org/photos/47012756/large.jpg?1564843393
https://static.inaturalist.org/photos/46983064/large.jpg?1564807879
https://static.inaturalist.org/photos/46972561/large.jpg?1564797032
https://static.inaturalist.org/photos/46972567/large.jpg?1564797039
https://static.inaturalist.org/photos/46865952/large.jpg?1564702813
https://static.inaturalist.org/photos/46865969/large.jpg?1564702824
https://static.inaturalist.org/photos/46865991/large.jpg?1564702838
https://static.inaturalist.org/photos/46866004/large.jpg?1564702849
https://static.inaturalist.org/photos/46693097/large.jpg?1564555951
https://static.inaturalist.org/photos/46669691/large.jpg?1564534360
https://static.inaturalist.org/photos/46576174/large.jpg?1564454635
https://static.inaturalist.org/photos/46444116/large.jpg?1564356968
https://static.inaturalist.org/photos/46433601/large.jpg?1564351061
https://static.inaturalist.org/photos/46433616/large.jpg?1564351068
https://static.inaturalist.org/photos/46309872/large.jpg?1564264866
https://static.inaturalist.org/photos/46025706/large.jpg?1564022887
https://static.inaturalist.org/photos/45958844/large.jpeg?1563983372
https://static.inaturalist.org/photos/45823033/large.jpg?1563856903
https://static.inaturalist.org/photos/45823037/large.jpg?1563856912
https://static.inaturalist.org/photos/45823042/large.jpg?1563856921
https://static.inaturalist.org/photos/45756310/large.jpg?1563811189
https://static.inaturalist.org/photos/45756337/large.jpg?1563811207
https://static.inaturalist.org/photos/45756364/large.jpg?1563811222
https://static.inaturalist.org/photos/45690157/large.jpeg?1563751187
https://static.inaturalist.org/photos/45585513/large.jpg?1563674955
https://static.inaturalist.org/photos/45585527/large.jpg?1563674966
https://static.inaturalist.org/photos/45473421/large.jpg?1563580991
https://static.inaturalist.org/photos/45473656/large.jpg?1563581151
https://static.inaturalist.org/photos/45345588/large.jpg?1563470881
https://static.inaturalist.org/photos/45268662/large.jpeg?1563397340
https://static.inaturalist.org/photos/45268684/large.jpeg?1563397356
https://static.inaturalist.org/photos/45268701/large.jpeg?1563397363
https://static.inaturalist.org/photos/45268709/large.jpeg?1563397370
https://static.inaturalist.org/photos/45268718/large.jpeg?1563397377
https://static.inaturalist.org/photos/45071701/large.jpeg?1563231496
https://static.inaturalist.org/photos/45071711/large.jpeg?1563231502
https://static.inaturalist.org/photos/45071722/large.jpeg?1563231509
https://static.inaturalist.org/photos/44996120/large.jpg?1563162800
https://static.inaturalist.org/photos/44852066/large.jpg?1563056219
https://static.inaturalist.org/photos/44852073/large.jpg?1563056228
https://static.inaturalist.org/photos/44303776/large.jpg?1562569805
https://static.inaturalist.org/photos/44303781/large.jpg?1562569810
https://static.inaturalist.org/photos/44144432/large.jpg?1562452638
https://static.inaturalist.org/photos/43484045/large.jpeg?1561880230
https://static.inaturalist.org/photos/42738631/large.jpg?1561243898
https://static.inaturalist.org/photos/41451068/large.jpeg?1560100379
https://static.inaturalist.org/photos/40175181/large.jpeg?1558993464
https://static.inaturalist.org/photos/40175184/large.jpeg?1558993467
https://static.inaturalist.org/photos/35663998/large.jpeg?1556127267
https://static.inaturalist.org/photos/35664136/large.jpeg?1556127393
https://static.inaturalist.org/photos/35582526/large.jpg?1556045799
https://static.inaturalist.org/photos/33548800/large.jpg?1553705555
https://static.inaturalist.org/photos/33548807/large.jpeg?1553705561
https://static.inaturalist.org/photos/33384205/large.jpg?1553460188
https://static.inaturalist.org/photos/33079624/large.jpeg?1552996222
https://static.inaturalist.org/photos/32880707/large.jpeg?1552682632
https://static.inaturalist.org/photos/32880722/large.jpeg?1552682646
https://static.inaturalist.org/photos/32880729/large.jpeg?1552682661
https://static.inaturalist.org/photos/32812413/large.jpeg?1552548444
https://static.inaturalist.org/photos/32812426/large.jpeg?1552548474
https://static.inaturalist.org/photos/32812434/large.jpeg?1552548492
https://static.inaturalist.org/photos/32812450/large.jpeg?1552548519
https://static.inaturalist.org/photos/32766180/large.jpeg?1552455132
https://static.inaturalist.org/photos/31610013/large.jpg?1550557603
https://static.inaturalist.org/photos/31341748/large.jpg?1549978927
https://static.inaturalist.org/photos/31341774/large.jpg?1549979037
https://static.inaturalist.org/photos/31278946/large.jpg?1549836796
https://static.inaturalist.org/photos/31128879/large.jpg?1549515161
https://static.inaturalist.org/photos/31128895/large.jpg?1549515175
https://static.inaturalist.org/photos/31128848/large.jpg?1549515119
https://static.inaturalist.org/photos/31128864/large.jpg?1549515136
https://static.inaturalist.org/photos/31128824/large.jpg?1549515084
https://static.inaturalist.org/photos/31128832/large.jpg?1549515097
https://static.inaturalist.org/photos/31128839/large.jpg?1549515105
https://static.inaturalist.org/photos/31101650/large.jpg?1549482966
https://static.inaturalist.org/photos/31101692/large.jpg?1549483030
https://static.inaturalist.org/photos/31101746/large.jpg?1549483090
https://static.inaturalist.org/photos/30859073/large.jpeg?1548966549
https://static.inaturalist.org/photos/30859077/large.jpeg?1548966555
https://static.inaturalist.org/photos/30859082/large.jpeg?1548966561
https://static.inaturalist.org/photos/30859084/large.jpeg?1548966567
https://static.inaturalist.org/photos/30859089/large.jpeg?1548966576
https://static.inaturalist.org/photos/30859092/large.jpeg?1548966583
https://static.inaturalist.org/photos/30858062/large.jpg?1548964345
https://static.inaturalist.org/photos/30858063/large.jpg?1548964342
https://static.inaturalist.org/photos/30771143/large.jpeg?1548741290
https://static.inaturalist.org/photos/30708016/large.jpg?1548614969
https://static.inaturalist.org/photos/30575550/large.jpg?1548294802
https://static.inaturalist.org/photos/30575553/large.jpg?1548294806
https://static.inaturalist.org/photos/30376564/large.jpg?1547849327
https://static.inaturalist.org/photos/30231670/large.jpg?1547444675
https://static.inaturalist.org/photos/30101691/large.jpg?1547150244
https://static.inaturalist.org/photos/30035451/large.jpeg?1546977865
https://static.inaturalist.org/photos/30035452/large.jpeg?1546977868
https://static.inaturalist.org/photos/29600695/large.jpeg?1545969233
https://static.inaturalist.org/photos/29600702/large.jpeg?1545969241
https://static.inaturalist.org/photos/29479232/large.jpg?1545658902
https://static.inaturalist.org/photos/29405410/large.jpg?1545483826
https://static.inaturalist.org/photos/29405419/large.jpg?1545483843
https://static.inaturalist.org/photos/29405422/large.jpg?1545483855
https://static.inaturalist.org/photos/29405424/large.jpg?1545483866
https://static.inaturalist.org/photos/29378712/large.jpg?1545415852
https://static.inaturalist.org/photos/29378880/large.jpg?1545416248
https://static.inaturalist.org/photos/29378882/large.jpg?1545416249
https://static.inaturalist.org/photos/29324346/large.jpeg?1545257660
https://static.inaturalist.org/photos/29170539/large.jpg?1544834124
https://static.inaturalist.org/photos/29170542/large.jpg?1544834132
https://static.inaturalist.org/photos/29170545/large.jpg?1544834140
https://static.inaturalist.org/photos/29170553/large.jpg?1544834149
https://static.inaturalist.org/photos/29170554/large.jpeg?1544834149
https://static.inaturalist.org/photos/29156501/large.jpeg?1544798471
https://static.inaturalist.org/photos/29105841/large.jpg?1544642428
https://static.inaturalist.org/photos/28980731/large.jpg?1544321302
https://static.inaturalist.org/photos/28714562/large.jpg?1543653326
https://static.inaturalist.org/photos/28714565/large.jpg?1543653338
https://static.inaturalist.org/photos/28714568/large.jpg?1543653349
https://static.inaturalist.org/photos/28672437/large.jpg?1543538960
https://static.inaturalist.org/photos/28502358/large.jpg?1543151034
https://static.inaturalist.org/photos/28490106/large.jpeg?1543117376
https://static.inaturalist.org/photos/28490109/large.jpeg?1543117384
https://static.inaturalist.org/photos/28490116/large.jpeg?1543117393
https://static.inaturalist.org/photos/28438133/large.jpeg?1543009510
https://static.inaturalist.org/photos/28438138/large.jpeg?1543009513
https://static.inaturalist.org/photos/28438143/large.jpeg?1543009516
https://static.inaturalist.org/photos/28438144/large.jpeg?1543009520
https://static.inaturalist.org/photos/28437749/large.jpeg?1543009027
https://static.inaturalist.org/photos/28437751/large.jpeg?1543009030
https://static.inaturalist.org/photos/28437753/large.jpeg?1543009033
https://static.inaturalist.org/photos/28436925/large.jpeg?1543007988
https://static.inaturalist.org/photos/28404108/large.jpeg?1542923278
https://static.inaturalist.org/photos/28404185/large.jpeg?1542923450
https://static.inaturalist.org/photos/28404186/large.jpeg?1542923454
https://static.inaturalist.org/photos/28404190/large.jpeg?1542923458
https://static.inaturalist.org/photos/28308437/large.jpg?1542676635
https://static.inaturalist.org/photos/28308446/large.jpg?1542676648
https://static.inaturalist.org/photos/28300961/large.jpg?1542662166
https://static.inaturalist.org/photos/28297753/large.jpg?1542657558
https://static.inaturalist.org/photos/28139846/large.jpeg?1542293565
https://static.inaturalist.org/photos/28139858/large.jpeg?1542293583
https://static.inaturalist.org/photos/28055111/large.jpg?1542050234
https://static.inaturalist.org/photos/28017319/large.jpg?1541966605
https://static.inaturalist.org/photos/28009971/large.jpg?1541954441
https://static.inaturalist.org/photos/27949574/large.jpg?1541804782
https://static.inaturalist.org/photos/27949584/large.jpg?1541804792
https://static.inaturalist.org/photos/27906734/large.jpeg?1541707820
https://static.inaturalist.org/photos/27906743/large.jpeg?1541707828
https://static.inaturalist.org/photos/27885186/large.jpg?1541672566
https://static.inaturalist.org/photos/27885190/large.jpg?1541672573
https://static.inaturalist.org/photos/27791906/large.jpg?1541548455
https://static.inaturalist.org/photos/27791909/large.jpg?1541548465
https://static.inaturalist.org/photos/27755888/large.jpg?1541483667
https://static.inaturalist.org/photos/27741505/large.jpeg?1541463375
https://static.inaturalist.org/photos/27741520/large.jpeg?1541463386
https://static.inaturalist.org/photos/27548569/large.jpeg?1541113917
https://static.inaturalist.org/photos/27538881/large.jpg?1541099158
https://static.inaturalist.org/photos/27536761/large.jpeg?1541095863
https://static.inaturalist.org/photos/27536765/large.jpeg?1541095869
https://static.inaturalist.org/photos/27467190/large.jpeg?1540934194
https://static.inaturalist.org/photos/27418681/large.jpg?1540849767
https://static.inaturalist.org/photos/27344576/large.jpg?1540736125
https://static.inaturalist.org/photos/27331440/large.jpeg?1540699521
https://static.inaturalist.org/photos/27258731/large.jpg?1540577790
https://static.inaturalist.org/photos/27258747/large.jpg?1540577809
https://static.inaturalist.org/photos/27162374/large.jpg?1540403296
https://static.inaturalist.org/photos/27155503/large.jpeg?1540394569
https://static.inaturalist.org/photos/27130693/large.jpeg?1540338830
https://static.inaturalist.org/photos/27116614/large.jpg?1540319068
https://static.inaturalist.org/photos/27116668/large.jpg?1540319155
https://static.inaturalist.org/photos/27044267/large.jpg?1540180739
https://static.inaturalist.org/photos/27044112/large.jpg?1540180563
https://static.inaturalist.org/photos/27044119/large.jpg?1540180573
https://static.inaturalist.org/photos/27041837/large.jpg?1540178219
https://static.inaturalist.org/photos/27041845/large.jpg?1540178225
https://static.inaturalist.org/photos/27041854/large.jpg?1540178232
https://static.inaturalist.org/photos/27027286/large.jpeg?1540163855
https://static.inaturalist.org/photos/26994562/large.jpeg?1540130841
https://static.inaturalist.org/photos/26961059/large.jpeg?1540069940
https://static.inaturalist.org/photos/26950804/large.jpeg?1540060348
https://static.inaturalist.org/photos/26944618/large.jpg?1540054778
https://static.inaturalist.org/photos/26909885/large.jpg?1539990159
https://static.inaturalist.org/photos/26909895/large.jpg?1539990174
https://static.inaturalist.org/photos/26909903/large.jpg?1539990188
https://static.inaturalist.org/photos/26796959/large.jpeg?1539799925
https://static.inaturalist.org/photos/26722132/large.jpg?1539662306
https://static.inaturalist.org/photos/26722136/large.jpg?1539662316
https://static.inaturalist.org/photos/26722145/large.jpg?1539662324
https://static.inaturalist.org/photos/26722158/large.jpg?1539662331
https://static.inaturalist.org/photos/26702606/large.jpg?1539635734
https://static.inaturalist.org/photos/26575548/large.png?1539463779
https://static.inaturalist.org/photos/26502520/large.jpg?1539359716
https://static.inaturalist.org/photos/26502531/large.jpg?1539359724
https://static.inaturalist.org/photos/26435806/large.jpg?1539237356
https://static.inaturalist.org/photos/26435811/large.jpg?1539237364
https://static.inaturalist.org/photos/26418706/large.jpg?1539210492
https://static.inaturalist.org/photos/26418746/large.jpg?1539210538
https://static.inaturalist.org/photos/26365874/large.jpg?1539123587
https://static.inaturalist.org/photos/26365889/large.jpg?1539123613
https://static.inaturalist.org/photos/26365918/large.jpg?1539123646
https://static.inaturalist.org/photos/26365944/large.jpg?1539123676
https://static.inaturalist.org/photos/26353067/large.jpeg?1539109626
https://static.inaturalist.org/photos/26255966/large.jpeg?1538957971
https://static.inaturalist.org/photos/26159920/large.jpg?1538842720
https://static.inaturalist.org/photos/26122915/large.jpeg?1538776470
https://static.inaturalist.org/photos/26122916/large.jpeg?1538776472
https://static.inaturalist.org/photos/26116659/large.jpg?1538769335
https://static.inaturalist.org/photos/26115085/large.jpg?1538767367
https://static.inaturalist.org/photos/25999385/large.jpeg?1538582963
https://static.inaturalist.org/photos/25999372/large.jpeg?1538582951
https://static.inaturalist.org/photos/25996357/large.jpeg?1538579672
https://static.inaturalist.org/photos/25968181/large.jpeg?1538523370
https://static.inaturalist.org/photos/25910802/large.jpeg?1538429944
https://static.inaturalist.org/photos/25910803/large.jpeg?1538429948
https://static.inaturalist.org/photos/25910805/large.jpeg?1538429952
https://static.inaturalist.org/photos/25910807/large.jpeg?1538429956
https://static.inaturalist.org/photos/25910808/large.jpeg?1538429960
https://static.inaturalist.org/photos/25910811/large.jpeg?1538429963
https://static.inaturalist.org/photos/25910812/large.jpeg?1538429967
https://static.inaturalist.org/photos/25910814/large.jpeg?1538429970
https://static.inaturalist.org/photos/25908812/large.jpg?1538428288
https://static.inaturalist.org/photos/25899942/large.jpg?1538419720
https://static.inaturalist.org/photos/25881309/large.jpg?1538395603
https://static.inaturalist.org/photos/25881313/large.jpg?1538395618
https://static.inaturalist.org/photos/25881318/large.jpg?1538395634
https://static.inaturalist.org/photos/25872020/large.jpg?1538366563
https://static.inaturalist.org/photos/25799790/large.jpeg?1538276535
https://static.inaturalist.org/photos/25799797/large.jpeg?1538276549
https://static.inaturalist.org/photos/25792628/large.jpg?1538268099
https://static.inaturalist.org/photos/25791472/large.jpeg?1538266548
https://static.inaturalist.org/photos/25791480/large.jpeg?1538266555
https://static.inaturalist.org/photos/25787685/large.jpeg?1538262171
https://static.inaturalist.org/photos/25787716/large.jpeg?1538262191
https://static.inaturalist.org/photos/25759248/large.jpg?1538238063
https://static.inaturalist.org/photos/25759327/large.jpg?1538238123
https://static.inaturalist.org/photos/25734082/large.jpeg?1538185131
https://static.inaturalist.org/photos/25734089/large.jpeg?1538185139
https://static.inaturalist.org/photos/25710096/large.jpg?1538158082
https://static.inaturalist.org/photos/25710108/large.jpg?1538158096
https://static.inaturalist.org/photos/25672797/large.jpg?1538091803
https://static.inaturalist.org/photos/25617107/large.jpg?1538004793
https://static.inaturalist.org/photos/25617141/large.jpg?1538004827
https://static.inaturalist.org/photos/25571805/large.jpeg?1537934270
https://static.inaturalist.org/photos/25563658/large.jpg?1537923296
https://static.inaturalist.org/photos/25492277/large.jpg?1537814268
https://static.inaturalist.org/photos/25492290/large.jpg?1537814286
https://static.inaturalist.org/photos/25378187/large.jpeg?1537652532
https://static.inaturalist.org/photos/25378194/large.jpeg?1537652536
https://static.inaturalist.org/photos/25378228/large.jpeg?1537652559
https://static.inaturalist.org/photos/25378245/large.jpeg?1537652577
https://static.inaturalist.org/photos/25357981/large.jpeg?1537634954
https://static.inaturalist.org/photos/25330793/large.jpeg?1537582922
https://static.inaturalist.org/photos/25330932/large.jpeg?1537583067
https://static.inaturalist.org/photos/25129845/large.jpeg?1537296841
https://static.inaturalist.org/photos/25088552/large.jpeg?1537226062
https://static.inaturalist.org/photos/25073460/large.jpeg?1537209450
https://static.inaturalist.org/photos/25062251/large.jpeg?1537197388
https://static.inaturalist.org/photos/24942555/large.jpg?1537041002
https://static.inaturalist.org/photos/24922781/large.jpeg?1537022070
https://static.inaturalist.org/photos/24922850/large.jpeg?1537022144
https://static.inaturalist.org/photos/24922860/large.jpeg?1537022154
https://static.inaturalist.org/photos/24669964/large.jpg?1536616363
https://static.inaturalist.org/photos/24669977/large.jpg?1536616373
https://static.inaturalist.org/photos/24633108/large.jpg?1536553373
https://static.inaturalist.org/photos/24633111/large.jpg?1536553380
https://static.inaturalist.org/photos/24609906/large.jpeg?1536529000
https://static.inaturalist.org/photos/24567355/large.jpeg?1536468005
https://static.inaturalist.org/photos/24567356/large.jpeg?1536468007
https://static.inaturalist.org/photos/24567357/large.jpeg?1536468012
https://static.inaturalist.org/photos/24505699/large.jpeg?1536397939
https://static.inaturalist.org/photos/24505707/large.jpeg?1536397960
https://static.inaturalist.org/photos/24505716/large.jpeg?1536397986
https://static.inaturalist.org/photos/24502782/large.jpg?1536388186
https://static.inaturalist.org/photos/24362350/large.jpg?1536162214
https://static.inaturalist.org/photos/24362120/large.jpeg?1536161787
https://static.inaturalist.org/photos/24340387/large.jpg?1536112058
https://static.inaturalist.org/photos/24332556/large.jpeg?1536101396
https://static.inaturalist.org/photos/24211095/large.jpg?1535932443
https://static.inaturalist.org/photos/24146157/large.jpeg?1535843613
https://static.inaturalist.org/photos/24111756/large.jpeg?1535805427
https://static.inaturalist.org/photos/24111760/large.jpeg?1535805434
https://static.inaturalist.org/photos/24111765/large.jpeg?1535805442
https://static.inaturalist.org/photos/23939110/large.jpg?1535503738
https://static.inaturalist.org/photos/23884662/large.jpg?1535408836
https://static.inaturalist.org/photos/23868434/large.jpg?1535391555
https://static.inaturalist.org/photos/23852661/large.jpg?1535366051
https://static.inaturalist.org/photos/23852666/large.jpg?1535366063
https://static.inaturalist.org/photos/23852670/large.jpg?1535366071
https://static.inaturalist.org/photos/23824990/large.jpg?1535323374
https://static.inaturalist.org/photos/23807881/large.jpg?1535306939
https://static.inaturalist.org/photos/23799188/large.jpg?1535297914
https://static.inaturalist.org/photos/23800339/large.jpg?1535299054
https://static.inaturalist.org/photos/23715616/large.jpg?1535158300
https://static.inaturalist.org/photos/23715626/large.jpg?1535158312
https://static.inaturalist.org/photos/23702828/large.jpeg?1535140976
https://static.inaturalist.org/photos/23582731/large.jpg?1534947882
https://static.inaturalist.org/photos/23581312/large.jpg?1534946173
https://static.inaturalist.org/photos/23581315/large.jpg?1534946181
https://static.inaturalist.org/photos/23561949/large.jpg?1534899788
https://static.inaturalist.org/photos/23524349/large.jpeg?1534850864
https://static.inaturalist.org/photos/23524426/large.jpeg?1534851076
https://static.inaturalist.org/photos/23524441/large.jpeg?1534851107
https://static.inaturalist.org/photos/23524454/large.jpeg?1534851133
https://static.inaturalist.org/photos/23516310/large.jpeg?1534825014
https://static.inaturalist.org/photos/23414857/large.jpg?1534695593
https://static.inaturalist.org/photos/23414879/large.jpg?1534695615
https://static.inaturalist.org/photos/23380777/large.jpg?1534637677
https://static.inaturalist.org/photos/23380794/large.jpg?1534637691
https://static.inaturalist.org/photos/23359409/large.jpeg?1534617045
https://static.inaturalist.org/photos/23359422/large.jpeg?1534617053
https://static.inaturalist.org/photos/23349505/large.jpeg?1534607457
https://static.inaturalist.org/photos/23349518/large.jpeg?1534607465
https://static.inaturalist.org/photos/23349528/large.jpeg?1534607473
https://static.inaturalist.org/photos/23135290/large.jpg?1534275643
https://static.inaturalist.org/photos/23135306/large.jpg?1534275654
https://static.inaturalist.org/photos/23077800/large.jpg?1534187961
https://static.inaturalist.org/photos/23033973/large.jpg?1534120756
https://static.inaturalist.org/photos/22988648/large.jpg?1534074436
https://static.inaturalist.org/photos/22988656/large.jpg?1534074443
https://static.inaturalist.org/photos/22988658/large.jpg?1534074453
https://static.inaturalist.org/photos/22962901/large.jpeg?1534027350
https://static.inaturalist.org/photos/22934726/large.jpg?1533997147
https://static.inaturalist.org/photos/22346011/large.jpg?1533028005
https://static.inaturalist.org/photos/21592777/large.jpg?1531970502
https://static.inaturalist.org/photos/21592842/large.jpg?1531970551
https://static.inaturalist.org/photos/21592896/large.jpg?1531970592
https://static.inaturalist.org/photos/20900761/large.png?1530905315
https://static.inaturalist.org/photos/20502169/large.jpg?1530281027
https://static.inaturalist.org/photos/20160083/large.jpeg?1529716575
https://static.inaturalist.org/photos/19853684/large.jpg?1529241947
https://static.inaturalist.org/photos/19385315/large.jpeg?1528508402
https://static.inaturalist.org/photos/18124074/large.jpg?1526574089
https://static.inaturalist.org/photos/14834115/large.jpeg?1522914628
https://static.inaturalist.org/photos/14808516/large.jpg?1522864479
https://static.inaturalist.org/photos/14808679/large.jpg?1522864698
https://static.inaturalist.org/photos/14179068/large.jpeg?1521149125
https://static.inaturalist.org/photos/13969956/large.jpg?1520455159
https://static.inaturalist.org/photos/13969970/large.jpg?1520455224
https://static.inaturalist.org/photos/13725813/large.jpg?1519532497
https://static.inaturalist.org/photos/13308184/large.jpg?1517748606
https://static.inaturalist.org/photos/13308185/large.jpg?1517748613
https://static.inaturalist.org/photos/13308187/large.jpg?1517748618
https://static.inaturalist.org/photos/13288427/large.jpg?1517669936
https://static.inaturalist.org/photos/13087272/large.jpeg?1516759337
https://static.inaturalist.org/photos/13065718/large.jpeg?1516689562
https://static.inaturalist.org/photos/12995213/large.jpg?1516386637
https://static.inaturalist.org/photos/12904796/large.jpg?1515998847
https://static.inaturalist.org/photos/12552774/large.jpg?1514313218
https://static.inaturalist.org/photos/12251653/large.jpeg?1512618988
https://static.inaturalist.org/photos/12532735/large.jpeg?1514173047
https://static.inaturalist.org/photos/12437285/large.jpeg?1513572567
https://static.inaturalist.org/photos/12437286/large.jpeg?1513572572
https://static.inaturalist.org/photos/12437288/large.jpeg?1513572577
https://static.inaturalist.org/photos/12437016/large.jpeg?1513571749
https://static.inaturalist.org/photos/12403795/large.jpeg?1513405698
https://static.inaturalist.org/photos/12188735/large.jpg?1512338463
https://static.inaturalist.org/photos/12188747/large.jpg?1512338489
https://static.inaturalist.org/photos/12129342/large.jpeg?1512067334
https://static.inaturalist.org/photos/12090065/large.jpeg?1511896848
https://static.inaturalist.org/photos/12089627/large.jpeg?1511896009
https://static.inaturalist.org/photos/12089630/large.jpeg?1511896012
https://static.inaturalist.org/photos/12089632/large.jpeg?1511896016
https://static.inaturalist.org/photos/12089635/large.jpeg?1511896020
https://static.inaturalist.org/photos/12089638/large.jpeg?1511896023
https://static.inaturalist.org/photos/12089639/large.jpeg?1511896027
https://static.inaturalist.org/photos/12089640/large.jpeg?1511896030
https://static.inaturalist.org/photos/12089641/large.jpeg?1511896034
https://static.inaturalist.org/photos/12089642/large.jpeg?1511896037
https://static.inaturalist.org/photos/12089644/large.jpeg?1511896041
https://static.inaturalist.org/photos/12032371/large.jpg?1511646750
https://static.inaturalist.org/photos/12032376/large.jpg?1511646765
https://static.inaturalist.org/photos/12032380/large.jpg?1511646782
https://static.inaturalist.org/photos/12032381/large.jpg?1511646797
https://static.inaturalist.org/photos/12018447/large.jpg?1511574876
https://static.inaturalist.org/photos/12018481/large.jpg?1511575041
https://static.inaturalist.org/photos/12000886/large.jpeg?1511493773
https://static.inaturalist.org/photos/11924747/large.jpeg?1511146894
https://static.inaturalist.org/photos/11924761/large.jpeg?1511146916
https://static.inaturalist.org/photos/11924771/large.jpeg?1511146938
https://static.inaturalist.org/photos/11921871/large.jpg?1511136275
https://static.inaturalist.org/photos/11921874/large.jpg?1511136281
https://static.inaturalist.org/photos/11921875/large.jpg?1511136287
https://static.inaturalist.org/photos/11921439/large.jpg?1511134976
https://static.inaturalist.org/photos/11921443/large.jpg?1511134985
https://static.inaturalist.org/photos/11920042/large.jpg?1511131606
https://static.inaturalist.org/photos/11920051/large.jpg?1511131620
https://static.inaturalist.org/photos/11918528/large.jpeg?1511125817
https://static.inaturalist.org/photos/11918539/large.jpeg?1511125852
https://static.inaturalist.org/photos/11918547/large.jpeg?1511125881
https://static.inaturalist.org/photos/11766256/large.jpg?1510420824
https://static.inaturalist.org/photos/11660693/large.jpeg?1509916118
https://static.inaturalist.org/photos/11343919/large.jpeg?1508665320
https://static.inaturalist.org/photos/11343922/large.jpeg?1508665327
https://static.inaturalist.org/photos/11210149/large.jpg?1508112237
https://static.inaturalist.org/photos/11210154/large.jpg?1508112242
https://static.inaturalist.org/photos/11210158/large.jpg?1508112246
https://static.inaturalist.org/photos/11159445/large.jpeg?1507928150
https://static.inaturalist.org/photos/10987036/large.jpeg?1507307370
https://static.inaturalist.org/photos/10937827/large.jpg?1507088888
https://static.inaturalist.org/photos/10936502/large.jpg?1507084649
https://static.inaturalist.org/photos/10935851/large.jpg?1507082419
https://static.inaturalist.org/photos/10849342/large.jpg?1506804140
https://static.inaturalist.org/photos/10812890/large.jpg?1506662305
https://static.inaturalist.org/photos/10743203/large.jpg?1506396980
https://static.inaturalist.org/photos/10711800/large.jpeg?1506296645
https://static.inaturalist.org/photos/10711803/large.jpeg?1506296654
https://static.inaturalist.org/photos/10700542/large.jpg?1506272944
https://static.inaturalist.org/photos/10700547/large.jpg?1506272951
https://static.inaturalist.org/photos/10697991/large.jpg?1506267464
https://static.inaturalist.org/photos/10699304/large.jpg?1506270460
https://static.inaturalist.org/photos/10632668/large.jpeg?1506034481
https://static.inaturalist.org/photos/10632669/large.jpeg?1506034486
https://static.inaturalist.org/photos/10581353/large.jpg?1505846320
https://static.inaturalist.org/photos/10581362/large.jpg?1505846353
https://static.inaturalist.org/photos/10581373/large.jpg?1505846381
https://static.inaturalist.org/photos/10581385/large.jpg?1505846416
https://static.inaturalist.org/photos/10453655/large.jpg?1505422057
https://static.inaturalist.org/photos/10375124/large.jpg?1505096595
https://static.inaturalist.org/photos/10354062/large.jpg?1505051388
https://static.inaturalist.org/photos/10174373/large.jpeg?1504366197
https://static.inaturalist.org/photos/10051392/large.jpeg?1503855573
https://static.inaturalist.org/photos/10051395/large.jpeg?1503855578
https://static.inaturalist.org/photos/10051399/large.jpeg?1503855585
https://static.inaturalist.org/photos/9995976/large.jpeg?1503634594
https://static.inaturalist.org/photos/9996041/large.jpeg?1503635030
https://static.inaturalist.org/photos/9958042/large.jpg?1503502789
https://static.inaturalist.org/photos/9958044/large.jpg?1503502801
https://static.inaturalist.org/photos/9945733/large.jpg?1503443453
https://static.inaturalist.org/photos/9894061/large.jpg?1503263026
https://static.inaturalist.org/photos/9892171/large.jpg?1503257893
https://static.inaturalist.org/photos/9892175/large.jpg?1503257904
https://static.inaturalist.org/photos/9453962/large.jpeg?1501580812
https://static.inaturalist.org/photos/9454120/large.jpeg?1501582412
https://static.inaturalist.org/photos/9130765/large.jpeg?1500386748
https://static.inaturalist.org/photos/9130766/large.jpeg?1500386749
https://static.inaturalist.org/photos/8969435/large.jpeg?1499721992
https://static.inaturalist.org/photos/8964384/large.jpeg?1499713719
https://static.inaturalist.org/photos/8964385/large.jpeg?1499713719
https://static.inaturalist.org/photos/8691084/large.jpeg?1498598370
https://static.inaturalist.org/photos/7934208/large.jpg?1495379252
https://static.inaturalist.org/photos/7610328/large.jpeg?1493869291
https://static.inaturalist.org/photos/6986314/large.jpg?1491880219
https://static.inaturalist.org/photos/6986315/large.jpg?1491880229
https://static.inaturalist.org/photos/6986317/large.jpg?1491880234
https://static.inaturalist.org/photos/6348895/large.jpg?1487747770
https://static.inaturalist.org/photos/6081097/large.jpeg?1484970915
https://static.inaturalist.org/photos/6081098/large.jpeg?1484970915
https://static.inaturalist.org/photos/6081099/large.jpeg?1484970917
https://static.inaturalist.org/photos/6081100/large.jpeg?1484970917
https://static.inaturalist.org/photos/6081101/large.jpeg?1484970918
https://static.inaturalist.org/photos/6081076/large.jpeg?1484970878
https://static.inaturalist.org/photos/6081077/large.jpeg?1484970879
https://static.inaturalist.org/photos/6081078/large.jpeg?1484970879
https://static.inaturalist.org/photos/6081079/large.jpeg?1484970879
https://static.inaturalist.org/photos/5774303/large.jpeg?1481365338
https://static.inaturalist.org/photos/5774304/large.jpeg?1481365338
https://static.inaturalist.org/photos/5770290/large.jpeg?1481355050
https://static.inaturalist.org/photos/5770291/large.jpeg?1481355050
https://static.inaturalist.org/photos/5770292/large.jpeg?1481355051
https://static.inaturalist.org/photos/5770293/large.jpeg?1481355052
https://static.inaturalist.org/photos/5770294/large.jpeg?1481355053
https://static.inaturalist.org/photos/5770295/large.jpeg?1481355053
https://static.inaturalist.org/photos/5770296/large.jpeg?1481355054
https://static.inaturalist.org/photos/5766248/large.jpeg?1481344259
https://static.inaturalist.org/photos/5766249/large.jpeg?1481344260
https://static.inaturalist.org/photos/5766250/large.jpeg?1481344260
https://static.inaturalist.org/photos/5766251/large.jpeg?1481344262
https://static.inaturalist.org/photos/5766252/large.jpeg?1481344263
https://static.inaturalist.org/photos/5766254/large.jpeg?1481344263
https://static.inaturalist.org/photos/5766255/large.jpeg?1481344264
https://static.inaturalist.org/photos/5766256/large.jpeg?1481344266
https://static.inaturalist.org/photos/5766257/large.jpeg?1481344265
https://static.inaturalist.org/photos/5766258/large.jpeg?1481344266
https://static.inaturalist.org/photos/5765140/large.jpeg?1481341714
https://static.inaturalist.org/photos/5765141/large.jpeg?1481341715
https://static.inaturalist.org/photos/5765142/large.jpeg?1481341716
https://static.inaturalist.org/photos/5765143/large.jpeg?1481341716
https://static.inaturalist.org/photos/5765144/large.jpeg?1481341717
https://static.inaturalist.org/photos/5765145/large.jpeg?1481341717
https://static.inaturalist.org/photos/5765146/large.jpeg?1481341718
https://static.inaturalist.org/photos/5764486/large.jpeg?1481340149
https://static.inaturalist.org/photos/5764487/large.jpeg?1481340150
https://static.inaturalist.org/photos/5764488/large.jpeg?1481340150
https://static.inaturalist.org/photos/5764489/large.jpeg?1481340152
https://static.inaturalist.org/photos/5764490/large.jpeg?1481340153
https://static.inaturalist.org/photos/5764491/large.jpeg?1481340154
https://static.inaturalist.org/photos/5764492/large.jpeg?1481340154
https://static.inaturalist.org/photos/5754304/large.jpeg?1481321056
https://static.inaturalist.org/photos/5754305/large.jpeg?1481321056
https://static.inaturalist.org/photos/5754307/large.jpeg?1481321057
https://static.inaturalist.org/photos/5754308/large.jpeg?1481321059
https://static.inaturalist.org/photos/5754309/large.jpeg?1481321059
https://static.inaturalist.org/photos/5754310/large.jpeg?1481321059
https://static.inaturalist.org/photos/5754311/large.jpeg?1481321060
https://static.inaturalist.org/photos/5754313/large.jpeg?1481321062
https://static.inaturalist.org/photos/5754165/large.jpeg?1481320765
https://static.inaturalist.org/photos/5754166/large.jpeg?1481320766
https://static.inaturalist.org/photos/5754167/large.jpeg?1481320767
https://static.inaturalist.org/photos/5754168/large.jpeg?1481320768
https://static.inaturalist.org/photos/5754169/large.jpeg?1481320768
https://static.inaturalist.org/photos/5754170/large.jpeg?1481320768
https://static.inaturalist.org/photos/5754171/large.jpeg?1481320770
https://static.inaturalist.org/photos/5754172/large.jpeg?1481320771
https://static.inaturalist.org/photos/5754173/large.jpeg?1481320771
https://static.inaturalist.org/photos/5754174/large.jpeg?1481320771
https://static.inaturalist.org/photos/5754175/large.jpeg?1481320773
https://static.inaturalist.org/photos/5754176/large.jpeg?1481320773
https://static.inaturalist.org/photos/5754177/large.jpeg?1481320773
https://static.inaturalist.org/photos/5754178/large.jpeg?1481320774
https://static.inaturalist.org/photos/5754179/large.jpeg?1481320775
https://static.inaturalist.org/photos/5751471/large.jpeg?1481314525
https://static.inaturalist.org/photos/5751472/large.jpeg?1481314529
https://static.inaturalist.org/photos/5751473/large.jpeg?1481314529
https://static.inaturalist.org/photos/5751474/large.jpeg?1481314529
https://static.inaturalist.org/photos/5751475/large.jpeg?1481314530
https://static.inaturalist.org/photos/5751476/large.jpeg?1481314532
https://static.inaturalist.org/photos/5751477/large.jpeg?1481314532
https://static.inaturalist.org/photos/5751478/large.jpeg?1481314532
https://static.inaturalist.org/photos/5751479/large.jpeg?1481314533
https://static.inaturalist.org/photos/5751480/large.jpeg?1481314535
https://static.inaturalist.org/photos/5748591/large.jpeg?1481306979
https://static.inaturalist.org/photos/5748592/large.jpeg?1481306980
https://static.inaturalist.org/photos/5748593/large.jpeg?1481306982
https://static.inaturalist.org/photos/5748594/large.jpeg?1481306982
https://static.inaturalist.org/photos/5748595/large.jpeg?1481306982
https://static.inaturalist.org/photos/5748596/large.jpeg?1481306984
https://static.inaturalist.org/photos/5748597/large.jpeg?1481306984
https://static.inaturalist.org/photos/5748598/large.jpeg?1481306985
https://static.inaturalist.org/photos/5686986/large.jpeg?1480786425
https://static.inaturalist.org/photos/5686994/large.jpeg?1480786496
https://static.inaturalist.org/photos/5686998/large.jpeg?1480786525
https://static.inaturalist.org/photos/5673852/large.jpeg?1480667829
https://static.inaturalist.org/photos/5673853/large.jpeg?1480667829
https://static.inaturalist.org/photos/5673854/large.jpeg?1480667830
https://static.inaturalist.org/photos/5673855/large.jpeg?1480667832
https://static.inaturalist.org/photos/5673856/large.jpeg?1480667833
https://static.inaturalist.org/photos/5673857/large.jpeg?1480667833
https://static.inaturalist.org/photos/5673858/large.jpeg?1480667833
https://static.inaturalist.org/photos/5673859/large.jpeg?1480667834
https://static.inaturalist.org/photos/5673860/large.jpeg?1480667835
https://static.inaturalist.org/photos/5564150/large.jpeg?1479606046
https://static.inaturalist.org/photos/5564170/large.jpeg?1479606169
https://static.inaturalist.org/photos/5564189/large.jpeg?1479606291
https://static.inaturalist.org/photos/5515890/large.jpg?1479111334
https://static.inaturalist.org/photos/5342982/large.jpeg?1477463018
https://static.inaturalist.org/photos/5342984/large.jpeg?1477463030
https://static.inaturalist.org/photos/5342986/large.jpeg?1477463036
https://static.inaturalist.org/photos/5290671/large.jpg?1477025233
https://static.inaturalist.org/photos/5215086/large.jpg?1476402160
https://static.inaturalist.org/photos/5189170/large.jpg?1476160154
https://static.inaturalist.org/photos/5189171/large.jpg?1476160161
https://static.inaturalist.org/photos/5189172/large.jpg?1476160167
https://static.inaturalist.org/photos/5189173/large.jpg?1476160174
https://static.inaturalist.org/photos/5189175/large.jpg?1476160179
https://static.inaturalist.org/photos/5189176/large.jpg?1476160185
https://static.inaturalist.org/photos/5189178/large.jpg?1476160190
https://static.inaturalist.org/photos/5189180/large.jpg?1476160197
https://static.inaturalist.org/photos/5095694/large.jpg?1475465631
https://static.inaturalist.org/photos/4675407/large.jpg?1472205014
https://static.inaturalist.org/photos/4716050/large.jpg?1472556965
https://static.inaturalist.org/photos/4643078/large.jpg?1471896649
https://static.inaturalist.org/photos/4160498/large.?1467472438
https://static.inaturalist.org/photos/4135573/large.?1467225426
https://static.inaturalist.org/photos/4134379/large.?1467220373
https://static.inaturalist.org/photos/4132966/large.?1467216603
https://static.inaturalist.org/photos/2540743/large.jpg?1445182827
https://static.inaturalist.org/photos/2540745/large.jpg?1445182814
https://static.inaturalist.org/photos/2540749/large.jpg?1445182862
https://static.inaturalist.org/photos/2540750/large.jpg?1445182909
https://static.inaturalist.org/photos/2414982/large.jpg?1442885670
https://static.inaturalist.org/photos/2182220/large.jpg?1437859865
https://static.inaturalist.org/photos/2182222/large.jpg?1437859883
https://static.inaturalist.org/photos/1360835/large.jpg?1416516928
https://static.inaturalist.org/photos/1360981/large.jpg?1416520340
https://static.inaturalist.org/photos/1360983/large.jpg?1416520342
https://static.inaturalist.org/photos/1340726/large.jpg?1415762432
https://static.inaturalist.org/photos/1340727/large.jpg?1415762432
https://static.inaturalist.org/photos/1340728/large.jpg?1415762433
https://static.inaturalist.org/photos/1285987/large.JPG?1413737674
https://static.inaturalist.org/photos/1161701/large.jpg?1444447637
https://static.inaturalist.org/photos/1161706/large.jpg?1444441194
https://static.inaturalist.org/photos/1027601/large.jpg?1407092938
https://static.inaturalist.org/photos/693741/large.jpg?1393451996
https://static.inaturalist.org/photos/605679/large.JPG?1386741685
https://static.inaturalist.org/photos/605680/large.JPG?1386741743
https://static.inaturalist.org/photos/605331/large.JPG?1386719329
https://static.inaturalist.org/photos/603759/large.JPG?1386539119
https://static.inaturalist.org/photos/602628/large.jpg?1386400951
https://static.inaturalist.org/photos/602629/large.jpg?1386400951
https://static.inaturalist.org/photos/602630/large.jpg?1386400957
https://static.inaturalist.org/photos/572000/large.jpg?1384143635
https://static.inaturalist.org/photos/572001/large.jpg?1384143683
https://static.inaturalist.org/photos/566704/large.jpg?1383719113
https://static.inaturalist.org/photos/566048/large.jpg?1383673444
https://static.inaturalist.org/photos/565692/large.JPG?1383656119
https://static.inaturalist.org/photos/565693/large.JPG?1383656119
https://static.inaturalist.org/photos/565638/large.jpg?1383636340
https://static.inaturalist.org/photos/565125/large.jpg?1383607567
https://static.inaturalist.org/photos/565126/large.jpg?1383607572
https://static.inaturalist.org/photos/565127/large.jpg?1383607573
https://static.inaturalist.org/photos/557326/large.jpg?1382987423
https://static.inaturalist.org/photos/542581/large.jpg?1381900213
https://static.inaturalist.org/photos/542582/large.jpg?1381900219
https://static.inaturalist.org/photos/205903/large.JPG?1353206889
https://static.inaturalist.org/photos/204042/large.JPG?1352913572
https://static.inaturalist.org/photos/204043/large.JPG?1352913593
https://static.inaturalist.org/photos/188541/large.jpeg?1350259893
